1 0.360358 0.661269 0.112058 0.268135
1 0.287089 0.409326 0.096543 0.165803
1 0.368978 0.121762 0.060339 0.085492
1 0.447419 0.038212 0.048271 0.071244
2 0.160808 0.423575 0.118092 0.176166
2 0.493966 0.461140 0.094819 0.173575
2 0.515947 0.837435 0.112920 0.286269
2 0.785749 0.224741 0.092233 0.151554
2 0.899100 0.134715 0.084475 0.085492
2 0.671105 0.023964 0.054305 0.047927
2 0.620678 0.139249 0.070683 0.091969
2 0.509051 0.239637 0.066373 0.098446
2 0.410784 0.285622 0.087061 0.125648
2 0.252179 0.194948 0.080165 0.128238
2 0.506034 0.113990 0.048271 0.077720
2 0.594819 0.042746 0.048271 0.069948
2 0.507758 0.031736 0.043099 0.063472
4 0.768078 0.726684 0.170674 0.303109
4 0.676707 0.334197 0.105163 0.147668
4 0.103917 0.915155 0.152572 0.169689
4 0.322862 0.281736 0.064649 0.117876
4 0.331481 0.046632 0.049133 0.059585