0 0.677138 0.216321 0.045685 0.059585
1 0.231922 0.892487 0.227565 0.215026
1 0.409922 0.650907 0.138780 0.208549
1 0.668088 0.642487 0.124126 0.170984
1 0.698257 0.367228 0.098267 0.120466
1 0.731013 0.266839 0.070683 0.088083
1 0.929270 0.181347 0.063787 0.077720
1 0.558615 0.219560 0.053443 0.084197
1 0.544823 0.190415 0.056891 0.090674
1 0.809454 0.170337 0.039651 0.071244
1 0.684034 0.124352 0.035341 0.044041
2 0.267694 0.489637 0.109472 0.163212
2 0.646107 0.806995 0.173260 0.202073
2 0.687051 0.511658 0.131022 0.173575
2 0.348290 0.376295 0.091371 0.112694
2 0.403457 0.356865 0.081027 0.107513
2 0.979720 0.292746 0.040560 0.103627
2 0.986185 0.194948 0.027630 0.060881
2 0.596974 0.271373 0.059477 0.107513
4 0.444402 0.527202 0.118092 0.142487
4 0.362513 0.766839 0.157744 0.181347
4 0.646969 0.944301 0.218083 0.111398
4 0.885309 0.261658 0.068959 0.075130
4 0.513361 0.409326 0.095681 0.126943
4 0.547409 0.363990 0.074131 0.111399
4 0.555167 0.326425 0.070683 0.101036
4 0.740495 0.219560 0.062063 0.055699
4 0.622833 0.191710 0.056029 0.064767
4 0.645245 0.142487 0.043961 0.046632
4 0.709894 0.138601 0.038789 0.031088