0 0.621753 0.954372 0.081169 0.091256
0 0.577516 0.904395 0.064123 0.086967
0 0.760146 0.953647 0.112825 0.092706
0 0.436282 0.671759 0.025162 0.036236
1 0.303977 0.887001 0.060877 0.110158
1 0.536120 0.823951 0.044643 0.071023
1 0.570211 0.850041 0.056006 0.068124
1 0.654221 0.852215 0.071429 0.104360
1 0.665584 0.794962 0.053571 0.073922
1 0.738231 0.866709 0.065747 0.078270
1 0.585633 0.781192 0.047890 0.063776
1 0.567776 0.737709 0.039773 0.046382
1 0.538555 0.702922 0.033279 0.055079
1 0.446023 0.738433 0.041396 0.056528
1 0.277597 0.698574 0.038961 0.052180
1 0.503247 0.628276 0.030844 0.044933
2 0.455357 0.878305 0.056818 0.095663
2 0.187500 0.823226 0.050325 0.104360
2 0.453734 0.797861 0.064935 0.088416
2 0.522321 0.773945 0.043019 0.060877
2 0.702110 0.910192 0.071429 0.104360
2 0.849432 0.926861 0.096591 0.131899
4 0.372565 0.970315 0.056818 0.059369
4 0.051136 0.941327 0.092532 0.117346
4 0.231331 0.768872 0.048701 0.062326
4 0.336039 0.655090 0.025974 0.040584
4 0.377435 0.639871 0.019481 0.033337
4 0.511769 0.970315 0.085227 0.059369
4 0.621347 0.815979 0.038149 0.075371
4 0.588474 0.717417 0.030844 0.046382
4 0.483360 0.678282 0.025162 0.034787