0 0.827110 0.593489 0.055195 0.094214
1 0.702516 0.755102 0.096591 0.153641
1 0.198052 0.790613 0.180195 0.253653
1 0.447240 0.726838 0.099026 0.137697
1 0.730114 0.707270 0.098214 0.156540
1 0.786526 0.680456 0.071429 0.140596
1 0.623782 0.566674 0.064123 0.092764
1 0.490260 0.581894 0.066558 0.097113
2 0.419643 0.885523 0.321429 0.228954
2 0.541396 0.840619 0.211039 0.272495
2 0.843344 0.723939 0.133117 0.201473
2 0.980114 0.490579 0.039772 0.079719
2 0.336851 0.722490 0.152597 0.149293
2 0.321429 0.620304 0.076299 0.115955
2 0.392857 0.679731 0.076299 0.121753
2 0.112419 0.633349 0.177760 0.185529
2 0.462256 0.645669 0.093344 0.085517
2 0.518669 0.642770 0.068182 0.123203
2 0.547484 0.610158 0.073864 0.110158
2 0.879870 0.429702 0.061688 0.059427
2 0.990666 0.440573 0.018668 0.063776
2 0.551948 0.362303 0.037338 0.055079
4 0.625000 0.771046 0.137987 0.226113
4 0.788555 0.536236 0.046266 0.072472
4 0.743101 0.565225 0.047890 0.063776
4 0.684253 0.534787 0.051948 0.066674
4 0.042614 0.767422 0.085227 0.157989