1 0.432567 0.568005 0.028137 0.045337
1 0.918664 0.443005 0.033959 0.023316
1 0.806600 0.441062 0.027167 0.022021
1 0.264714 0.488990 0.035899 0.032383
2 0.388906 0.674870 0.024256 0.046632
2 0.413162 0.673575 0.026197 0.049223
2 0.391817 0.507124 0.022316 0.053109
2 0.417043 0.190415 0.022316 0.036269
2 0.565007 0.652850 0.011643 0.051813
2 0.575680 0.761658 0.027167 0.041451
2 0.571799 0.852332 0.027167 0.038860
2 0.620311 0.781736 0.032989 0.066062
2 0.728980 0.681995 0.029108 0.022021
2 0.719762 0.778497 0.030078 0.015544
2 0.723158 0.801166 0.032989 0.016839
2 0.407341 0.847150 0.024256 0.046632
2 0.662032 0.439119 0.023286 0.012953
2 0.777007 0.443653 0.030078 0.016839
2 0.769730 0.501943 0.029108 0.029793
2 0.700842 0.442358 0.044632 0.029793
2 0.977849 0.444301 0.030078 0.018135
2 0.947771 0.446891 0.022316 0.038860
2 0.852687 0.445596 0.026197 0.025907
2 0.755661 0.121762 0.030078 0.023316
2 0.696476 0.047280 0.020375 0.045337
2 0.729465 0.043394 0.014554 0.047927
2 0.552394 0.493523 0.011643 0.038860
2 0.578590 0.521373 0.021346 0.037565
4 0.437904 0.438472 0.023286 0.042746
4 0.528622 0.219560 0.020375 0.045337
4 0.555304 0.251943 0.027167 0.050518
4 0.804659 0.501295 0.027167 0.023316
4 0.982701 0.507772 0.028137 0.028497
4 0.770215 0.762306 0.020375 0.045337
4 0.724613 0.756477 0.035899 0.020725