0 0.822814 0.476036 0.031894 0.042746
0 0.632746 0.698834 0.053443 0.084197
1 0.312949 0.928109 0.113782 0.143782
1 0.415094 0.763601 0.095681 0.136010
1 0.489225 0.682642 0.062925 0.072539
1 0.506896 0.604922 0.046547 0.059585
1 0.579734 0.553756 0.052581 0.058290
1 0.392683 0.529793 0.064649 0.056995
1 0.874103 0.415155 0.031032 0.037565
2 0.528446 0.854922 0.081027 0.137306
2 0.877982 0.848446 0.064649 0.119171
2 0.546116 0.632124 0.049133 0.069948
2 0.891773 0.443653 0.030170 0.040155
2 0.574993 0.582254 0.046547 0.055699
2 0.293985 0.502591 0.065511 0.064767
2 0.383632 0.494819 0.041375 0.041451
4 0.652141 0.596503 0.045685 0.068653
4 0.489656 0.520725 0.056891 0.054404