1 0.141177 0.641839 0.083813 0.117876
1 0.032047 0.475389 0.054129 0.085492
1 0.335431 0.402202 0.039287 0.055699
1 0.944690 0.859456 0.110620 0.229275
1 0.796836 0.587435 0.054129 0.117876
1 0.343724 0.338083 0.043652 0.038860
2 0.884141 0.727979 0.118734 0.160622
2 0.965643 0.627591 0.068714 0.117876
2 0.944381 0.452073 0.059367 0.067358
2 0.781558 0.415803 0.042779 0.046632
2 0.043396 0.642487 0.080320 0.116580
4 0.922118 0.545337 0.107385 0.111399
4 0.850092 0.926813 0.204293 0.146373
4 0.387813 0.341969 0.032303 0.033679