0 0.702136 0.647021 0.016378 0.027202
0 0.626285 0.563721 0.017903 0.031387
1 0.309501 0.935233 0.025860 0.064767
1 0.777560 0.891839 0.029308 0.058290
1 0.845226 0.840674 0.035341 0.051813
1 0.760751 0.749352 0.028446 0.042746
1 0.734461 0.754534 0.017240 0.063472
1 0.675415 0.553109 0.021550 0.038860
2 0.656451 0.831606 0.031894 0.075130
2 0.354324 0.701425 0.029308 0.084197
2 0.358634 0.845855 0.022412 0.051813
2 0.415956 0.572539 0.026722 0.041451
2 0.407767 0.498705 0.018964 0.049223
2 0.578441 0.447539 0.020688 0.040155
2 0.590509 0.428109 0.024136 0.024611
2 0.540944 0.343912 0.018102 0.027202
2 0.582751 0.347798 0.017240 0.024611
2 0.439661 0.459845 0.015516 0.033679
2 0.784887 0.637306 0.014654 0.033679
4 0.616799 0.829016 0.026722 0.041451
4 0.587923 0.579016 0.024136 0.038860
4 0.544823 0.446244 0.020688 0.050518
4 0.425007 0.397021 0.015516 0.027202
3 0.819366 0.632772 0.023274 0.050518
4 0.764199 0.691710 0.028446 0.041451
4 0.714204 0.691710 0.026722 0.031088
4 0.686620 0.587435 0.023274 0.027202
4 0.691792 0.613990 0.021550 0.025907