0 0.263173 0.660622 0.133737 0.152850
1 0.530648 0.884067 0.178317 0.216321
1 0.506965 0.715026 0.119806 0.121762
1 0.878923 0.717617 0.122593 0.142487
1 0.664386 0.349741 0.072441 0.111399
1 0.820877 0.395725 0.077085 0.086788
1 0.686675 0.233161 0.053866 0.064767
1 0.434524 0.353627 0.091944 0.085492
1 0.287785 0.354922 0.078942 0.077720
1 0.434524 0.483808 0.103089 0.120466
1 0.276640 0.455959 0.082657 0.095855
1 0.391803 0.155440 0.051080 0.046632
2 0.769797 0.509067 0.104947 0.116580
2 0.849668 0.428756 0.080800 0.090674
2 0.555260 0.191062 0.045508 0.060881
2 0.509752 0.156088 0.052938 0.050518
2 0.421058 0.289508 0.074299 0.060881
2 0.290107 0.316710 0.065011 0.066062
2 0.316111 0.161269 0.044579 0.058290
2 0.513467 0.075777 0.051080 0.084197
2 0.460993 0.096503 0.029719 0.050518
4 0.207449 0.798575 0.159742 0.177461
4 0.187482 0.918394 0.162528 0.160622
4 0.124792 0.976036 0.170887 0.047927
4 0.484212 0.631477 0.117020 0.133420
4 0.452170 0.580959 0.108662 0.110104
4 0.463779 0.521373 0.102161 0.091969
4 0.256672 0.498057 0.100303 0.136010
4 0.287785 0.248705 0.064083 0.077720
4 0.403876 0.220207 0.065940 0.072539
4 0.421058 0.247409 0.059439 0.062176