0 0.511637 0.395078 0.095681 0.124352
0 0.087108 0.494819 0.131022 0.158031
0 0.865483 0.314119 0.072407 0.102332
0 0.763768 0.240933 0.048271 0.069948
0 0.746528 0.068005 0.031032 0.047927
1 0.127190 0.735751 0.150848 0.186528
1 0.665502 0.377591 0.089647 0.143782
1 0.536203 0.244819 0.058615 0.098446
1 0.567666 0.218264 0.045685 0.079016
1 0.868500 0.198834 0.045685 0.076425
1 0.775836 0.218912 0.060339 0.075130
1 0.860742 0.383420 0.080165 0.098446
1 0.258643 0.463731 0.099991 0.106218
1 0.668519 0.139249 0.037065 0.055699
2 0.351738 0.375000 0.099991 0.120466
2 0.253041 0.406088 0.093957 0.102332
2 0.718514 0.352332 0.092233 0.103627
2 0.627143 0.161269 0.043961 0.055699
2 0.580165 0.195596 0.051719 0.062176
2 0.749545 0.115285 0.042237 0.054404
2 0.880999 0.125648 0.043099 0.049223
2 0.898669 0.051813 0.042237 0.033679
4 0.277176 0.871762 0.200843 0.256476
4 0.685327 0.784974 0.146538 0.186528
4 0.723686 0.661269 0.133608 0.172280
4 0.591802 0.524611 0.114644 0.145078
4 0.836175 0.441062 0.091371 0.123057
4 0.273728 0.566710 0.131884 0.138601
4 0.739633 0.270078 0.056891 0.079016
4 0.796524 0.142487 0.048271 0.059585