0 0.553166 0.676832 0.060877 0.057978
2 0.168019 0.086184 0.061688 0.065225
2 0.256494 0.181847 0.060065 0.047832
2 0.168425 0.247797 0.060877 0.049281
2 0.265016 0.315196 0.059253 0.047832
2 0.362419 0.255769 0.060877 0.053629
2 0.474838 0.320994 0.055195 0.044933
2 0.707792 0.190544 0.051948 0.053629
2 0.768669 0.317370 0.060065 0.055079
2 0.974432 0.244898 0.051136 0.037686
2 0.979302 0.310123 0.041396 0.049281
2 0.707792 0.047774 0.061688 0.060877
2 0.278409 0.540584 0.055195 0.057978
2 0.054789 0.674658 0.057630 0.068124
2 0.124594 0.921063 0.062500 0.050731
2 0.575081 0.539860 0.057630 0.059427
1 0.930601 0.534787 0.062500 0.049281