0 0.516378 0.577720 0.048271 0.155440
0 0.765923 0.594560 0.043961 0.145078
0 0.440092 0.244819 0.042237 0.108808
0 0.519395 0.080959 0.033618 0.102332
1 0.595250 0.418394 0.035341 0.119171
1 0.599129 0.895725 0.046547 0.159326
1 0.855139 0.794041 0.056891 0.155440
1 0.745236 0.195596 0.037065 0.124352
1 0.821090 0.160622 0.042237 0.106218
1 0.352600 0.300518 0.043099 0.121762
1 0.367685 0.106218 0.037065 0.106218
1 0.807730 0.018782 0.039651 0.037564
2 0.512068 0.761010 0.048271 0.123057
2 0.774974 0.803756 0.053443 0.161917
2 0.844364 0.603627 0.047409 0.124352
2 0.834020 0.400259 0.040513 0.129534
2 0.749114 0.360104 0.039651 0.108808
2 0.521981 0.401554 0.038789 0.116580
2 0.433627 0.385363 0.041375 0.115285
2 0.437075 0.531088 0.039651 0.119171
2 0.420266 0.701425 0.042237 0.128238
2 0.236663 0.761010 0.042237 0.138601
2 0.191408 0.457254 0.044823 0.119171
2 0.596974 0.031736 0.031894 0.063472
2 0.668519 0.055699 0.052581 0.111398
2 0.673691 0.193653 0.045685 0.167098
4 0.681017 0.761010 0.048271 0.128238
4 0.596543 0.588731 0.043099 0.136010
4 0.683172 0.365933 0.040513 0.120466
4 0.679293 0.554404 0.036203 0.129534
4 0.056076 0.235751 0.055167 0.121762
4 0.444402 0.108161 0.047409 0.097150
4 0.451298 0.018135 0.035341 0.036269
4 0.518964 0.216321 0.044823 0.103627
4 0.593526 0.266839 0.043961 0.095855
4 0.592664 0.130181 0.035341 0.091969
3 0.691792 0.951425 0.061201 0.097150
4 0.324154 0.959845 0.053443 0.080310