1 0.744805 0.880181 0.218945 0.239637
1 0.635763 0.603627 0.176707 0.256477
1 0.412077 0.637953 0.151710 0.211140
1 0.427162 0.507124 0.135332 0.151554
1 0.600422 0.465674 0.124988 0.130829
1 0.863328 0.520725 0.135332 0.194301
1 0.181496 0.459197 0.133608 0.237047
1 0.231922 0.374352 0.108610 0.152850
1 0.204338 0.213083 0.112058 0.123057
1 0.130207 0.272668 0.096543 0.107513
1 0.062972 0.336140 0.117230 0.146373
1 0.031917 0.443005 0.063834 0.183938
1 0.082798 0.667746 0.160330 0.205959
1 0.406905 0.123057 0.093095 0.119171
1 0.684034 0.115285 0.064649 0.098446
1 0.740495 0.282383 0.099991 0.147668
1 0.607317 0.216321 0.095681 0.147668
2 0.932287 0.656088 0.135332 0.374352
2 0.797817 0.340026 0.099129 0.208549
2 0.844795 0.086788 0.087923 0.080311
2 0.604301 0.363342 0.134470 0.177461
2 0.060794 0.844560 0.121587 0.308290
4 0.969807 0.857513 0.060386 0.230570
4 0.318552 0.215674 0.097405 0.110104
4 0.448712 0.305052 0.114644 0.164508
4 0.515947 0.084197 0.076717 0.077720