0 0.399578 0.396373 0.062925 0.072539
1 0.326740 0.731218 0.113782 0.136010
1 0.203476 0.700130 0.103439 0.115285
1 0.251748 0.827720 0.105163 0.137306
1 0.058208 0.826425 0.116415 0.155440
1 0.033641 0.718912 0.067282 0.106218
1 0.133655 0.937176 0.134470 0.115285
1 0.708601 0.930699 0.105163 0.130829
1 0.774974 0.803109 0.077579 0.103627
1 0.819366 0.718264 0.064649 0.104922
1 0.850398 0.613342 0.057753 0.055699
1 0.820659 0.481218 0.046547 0.055699
1 0.454315 0.334845 0.058615 0.071244
1 0.662054 0.695596 0.075855 0.088083
1 0.689206 0.662565 0.068097 0.099741
1 0.425007 0.628238 0.063787 0.093264
1 0.124173 0.650907 0.099991 0.130829
1 0.520688 0.287565 0.063787 0.075130
1 0.593957 0.285622 0.048271 0.060881
1 0.882723 0.546632 0.044823 0.059585
1 0.875396 0.597150 0.047409 0.062176
2 0.741788 0.835492 0.104301 0.129534
2 0.053059 0.691062 0.088785 0.107513
2 0.094004 0.670984 0.079303 0.116580
4 0.380615 0.957254 0.121540 0.085492
4 0.448712 0.953368 0.085337 0.093264
4 0.465089 0.936528 0.081889 0.119171
4 0.479743 0.923575 0.088785 0.137306
4 0.519826 0.895725 0.044823 0.107513
4 0.515516 0.876943 0.070683 0.119171
4 0.571114 0.824482 0.057753 0.117876
4 0.602577 0.790155 0.055167 0.121762
4 0.676276 0.943653 0.099129 0.112694
4 0.727996 0.627591 0.061201 0.081606
4 0.448281 0.575777 0.082751 0.102332
4 0.490087 0.516839 0.061201 0.088083
4 0.520257 0.490933 0.059477 0.075130
4 0.345273 0.529793 0.076717 0.103627
4 0.300881 0.588731 0.084475 0.097150
4 0.208217 0.573834 0.092233 0.108808
4 0.111675 0.481218 0.049133 0.066062
4 0.037113 0.593912 0.051719 0.079016
4 0.461642 0.422927 0.064649 0.084197
4 0.350014 0.448834 0.072407 0.066062
4 0.295278 0.485104 0.085337 0.094560
4 0.579303 0.404145 0.056891 0.090674
4 0.612489 0.376295 0.050857 0.073834
4 0.638780 0.335492 0.046547 0.056995
4 0.531894 0.462435 0.056891 0.082902
4 0.630160 0.738342 0.077579 0.098446
4 0.592664 0.792746 0.078441 0.111399
4 0.806437 0.681995 0.071545 0.073834
4 0.762906 0.587435 0.044823 0.066062
4 0.802989 0.536269 0.056029 0.064767
4 0.837899 0.657383 0.070683 0.089378