0 0.937482 0.398964 0.125035 0.474093
0 0.560770 0.259715 0.200843 0.304404
0 0.713773 0.117228 0.079303 0.117876
0 0.809023 0.075777 0.037065 0.063472
1 0.246576 0.224741 0.187913 0.205959
1 0.869793 0.240933 0.124126 0.176166
1 0.858156 0.186528 0.116368 0.132124
1 0.890911 0.104922 0.068097 0.077720
1 0.314218 0.788860 0.628436 0.422280
2 0.349152 0.166451 0.143090 0.159326
2 0.948234 0.081606 0.051719 0.054404
2 0.770664 0.093912 0.041375 0.091969
3 0.426731 0.561528 0.341347 0.503886
3 0.662485 0.161269 0.093957 0.146373
4 0.123719 0.323834 0.247438 0.347150
4 0.530601 0.402850 0.243943 0.339378
4 0.443109 0.146373 0.093095 0.145078