1 0.308639 0.601684 0.086199 0.125648
1 0.192701 0.555699 0.073269 0.098446
1 0.285796 0.487047 0.068097 0.093264
1 0.370702 0.440415 0.056891 0.082902
1 0.213389 0.298575 0.035341 0.053109
2 0.346135 0.823187 0.137056 0.180052
2 0.416387 0.564119 0.079303 0.094560
2 0.200890 0.485751 0.068959 0.080311
2 0.279331 0.409974 0.065511 0.084197
2 0.107365 0.419689 0.050857 0.072539
2 0.195287 0.326425 0.043961 0.049223
2 0.197442 0.405440 0.065511 0.075130
2 0.310363 0.281736 0.039651 0.058290
4 0.511206 0.764249 0.127574 0.196891
4 0.161239 0.907383 0.129298 0.185233
4 0.183220 0.654145 0.081889 0.113990