0 0.083229 0.637953 0.118092 0.143782
0 0.044416 0.902202 0.088832 0.195596
1 0.199166 0.715026 0.122402 0.160622
1 0.232353 0.607513 0.099129 0.126943
1 0.134948 0.576425 0.088785 0.106218
1 0.056076 0.523964 0.086199 0.104922
1 0.111244 0.473446 0.065511 0.079016
1 0.382770 0.526554 0.079303 0.097150
2 0.439230 0.897668 0.162916 0.191710
2 0.776698 0.965674 0.205153 0.068652
2 0.366823 0.631477 0.102577 0.110104
2 0.360358 0.554404 0.082751 0.088083
2 0.378891 0.436528 0.062925 0.051813
2 0.379322 0.476684 0.060339 0.056995
2 0.058208 0.760363 0.116415 0.165803
4 0.218130 0.830311 0.151710 0.181347
4 0.394837 0.762306 0.115506 0.180052
4 0.212527 0.947539 0.161192 0.104922
4 0.247007 0.542098 0.083613 0.097150
4 0.268987 0.512306 0.074131 0.079016
4 0.281486 0.473446 0.062925 0.084197
4 0.298295 0.441062 0.060339 0.068653
4 0.207786 0.453368 0.062063 0.064767
4 0.181065 0.487694 0.058615 0.068653
4 0.156929 0.415155 0.046547 0.050518
4 0.233215 0.429404 0.045685 0.060881