1 0.288813 0.420984 0.082751 0.158031
1 0.362082 0.659974 0.115506 0.234456
1 0.367254 0.125000 0.058615 0.094560
1 0.446126 0.036917 0.049133 0.066062
2 0.512499 0.830959 0.116368 0.304404
2 0.499569 0.470855 0.099129 0.164508
2 0.796093 0.247409 0.081889 0.101036
2 0.906427 0.139896 0.071545 0.093264
2 0.620247 0.137953 0.068097 0.094560
2 0.594819 0.044041 0.048271 0.067358
2 0.508620 0.119171 0.053443 0.072539
2 0.512068 0.251295 0.065511 0.101036
2 0.255626 0.201425 0.071545 0.112694
2 0.406474 0.276554 0.066373 0.123057
2 0.164256 0.420337 0.104301 0.164508
2 0.507327 0.028497 0.047409 0.056994
2 0.675415 0.027850 0.049133 0.055699
4 0.678000 0.336140 0.085337 0.174870
4 0.762906 0.737694 0.168950 0.312176
4 0.104779 0.930699 0.169812 0.138601
4 0.318983 0.275907 0.072407 0.126943
4 0.329757 0.040155 0.045685 0.064767