0 0.532062 0.628341 0.104708 0.155647
0 0.825487 0.859081 0.116883 0.196607
0 0.793019 0.435830 0.066558 0.101034
0 0.853896 0.336161 0.050325 0.070997
0 0.377029 0.616735 0.098214 0.137898
0 0.296266 0.396235 0.051948 0.076458
0 0.534903 0.251511 0.029221 0.046421
1 0.318182 0.669300 0.103896 0.144724
1 0.334010 0.893359 0.150162 0.213282
1 0.859578 0.678175 0.086039 0.135167
1 0.905844 0.555978 0.084416 0.133802
1 0.628247 0.523893 0.077922 0.107861
1 0.552760 0.449483 0.055195 0.095573
1 0.747565 0.366881 0.042208 0.077824
1 0.900974 0.489760 0.061688 0.105130
1 0.968750 0.373707 0.049513 0.069632
1 0.426948 0.334113 0.051948 0.061440
1 0.357955 0.362102 0.061688 0.084650
1 0.090909 0.438560 0.053571 0.070997
1 0.962256 0.317729 0.036526 0.055978
2 0.436688 0.560757 0.079545 0.126975
2 0.487825 0.966404 0.125000 0.067192
2 0.689123 0.708895 0.094156 0.172031
2 0.689529 0.422176 0.059253 0.084650
2 0.638799 0.375755 0.056818 0.070997
2 0.663149 0.349132 0.040584 0.058709
2 0.780438 0.471328 0.072240 0.090111
2 0.907062 0.277452 0.054383 0.092842
2 0.871753 0.191436 0.043831 0.087381
2 0.525974 0.475424 0.073052 0.095573
2 0.796672 0.293836 0.039773 0.057344
2 0.784903 0.246049 0.027597 0.046421
2 0.974026 0.212599 0.029221 0.042325
2 0.097808 0.497269 0.085227 0.079189
2 0.144886 0.469280 0.057630 0.069632
2 0.196834 0.446752 0.057630 0.070997
2 0.246753 0.409206 0.066558 0.096938
2 0.205763 0.384630 0.039773 0.050517
2 0.285308 0.347084 0.038149 0.040960
2 0.431818 0.290423 0.042208 0.047786
2 0.513799 0.302028 0.034091 0.046421
2 0.530438 0.291105 0.036526 0.040960
2 0.647727 0.231031 0.027597 0.038229
2 0.728084 0.205090 0.034091 0.043690
4 0.580763 0.896627 0.142045 0.206164
4 0.644886 0.804468 0.099838 0.182954
4 0.420455 0.783305 0.107143 0.197972
4 0.492289 0.707529 0.109578 0.133802
4 0.213880 0.747807 0.151786 0.195242
4 0.112825 0.846110 0.152597 0.197972
4 0.039773 0.535498 0.079545 0.114687
4 0.024756 0.452896 0.049512 0.086016
4 0.163149 0.398283 0.048701 0.069632
4 0.703328 0.609909 0.090097 0.102399
4 0.736201 0.545056 0.069805 0.103765
4 0.876623 0.621514 0.073052 0.131071
4 0.906656 0.408523 0.063312 0.109226
4 0.822646 0.392822 0.054383 0.086016
4 0.710227 0.297249 0.047078 0.075093
4 0.681412 0.328652 0.043019 0.069632
4 0.739448 0.274721 0.032468 0.062805