0 0.954839 0.364637 0.090322 0.112694
0 0.374176 0.565415 0.074721 0.146373
0 0.259518 0.574482 0.094475 0.115285
0 0.293443 0.292746 0.122818 0.098446
0 0.649442 0.954016 0.135701 0.091968
0 0.869741 0.941710 0.131406 0.116580
1 0.229458 0.793394 0.152878 0.164508
1 0.183938 0.901554 0.139136 0.152850
1 0.594046 0.824482 0.122818 0.187824
1 0.380618 0.831606 0.135701 0.155440
1 0.824221 0.360751 0.117664 0.099741
2 0.271542 0.211140 0.058403 0.080311
2 0.378041 0.211788 0.058403 0.084197
2 0.463498 0.218912 0.060979 0.064767
2 0.128112 0.611399 0.075580 0.103627
4 0.421414 0.756477 0.110794 0.194301
4 0.454051 0.680699 0.079874 0.143782
4 0.832810 0.877591 0.122818 0.203368
4 0.165043 0.960492 0.139136 0.079016
4 0.682079 0.485104 0.070427 0.125648
4 0.837104 0.435233 0.114229 0.095855
4 0.900660 0.501295 0.081592 0.119171
4 0.554967 0.215674 0.053250 0.071244
4 0.461351 0.181347 0.048096 0.036269
4 0.903666 0.305699 0.092757 0.090674