1 0.850906 0.836788 0.298188 0.326424
1 0.183213 0.855570 0.218307 0.288860
1 0.128393 0.851036 0.223158 0.297927
1 0.641657 0.825130 0.192110 0.264249
1 0.647478 0.518135 0.095085 0.108808
1 0.718307 0.428109 0.073739 0.079016
1 0.295277 0.349093 0.065977 0.071244
1 0.177876 0.333549 0.071799 0.073834
2 0.453913 0.832902 0.356083 0.334196
2 0.297217 0.829016 0.261968 0.341968
2 0.613034 0.615933 0.125163 0.117876
2 0.232696 0.422280 0.063066 0.069948
2 0.267139 0.431995 0.073739 0.071244
2 0.379204 0.443005 0.076650 0.080311
2 0.518920 0.369819 0.068888 0.073834
2 0.545602 0.393782 0.058215 0.072539
4 0.119661 0.423575 0.069858 0.080311