0 0.426542 0.634074 0.106331 0.172484
0 0.691153 0.495652 0.085227 0.127551
0 0.888393 0.144886 0.044643 0.063776
0 0.261769 0.557253 0.106331 0.213068
0 0.386769 0.108650 0.041396 0.069573
2 0.092938 0.685529 0.155032 0.333372
2 0.039367 0.850765 0.075487 0.281192
2 0.570211 0.881928 0.140422 0.210169
2 0.875406 0.637697 0.109578 0.188428
2 0.910308 0.536236 0.085227 0.153641
2 0.897321 0.355056 0.081981 0.110158
2 0.550325 0.422455 0.090909 0.160888
2 0.218344 0.601461 0.131494 0.272495
2 0.381088 0.365202 0.096591 0.229012
2 0.443588 0.382595 0.052760 0.115955
2 0.596997 0.337662 0.075487 0.153641
2 0.598214 0.098504 0.055195 0.127551
2 0.628833 0.268517 0.067190 0.097435
2 0.668516 0.203695 0.053662 0.078914
4 0.511589 0.246373 0.059073 0.096630
4 0.135958 0.228255 0.059975 0.094214
4 0.194580 0.194435 0.062680 0.084551
4 0.289728 0.193630 0.056367 0.087772
4 0.202697 0.116729 0.046447 0.066030
4 0.850649 0.934804 0.157468 0.130392
4 0.323864 0.516669 0.082792 0.155090
3 0.502029 0.938428 0.155032 0.123144
3 0.680195 0.607259 0.107143 0.147843
1 0.473214 0.567399 0.116883 0.149293
1 0.334416 0.815979 0.152597 0.182630
1 0.601867 0.774670 0.148539 0.181180
1 0.865260 0.872507 0.157468 0.205821
1 0.887581 0.478983 0.101461 0.157989
1 0.729302 0.360129 0.083604 0.152192
1 0.759740 0.247072 0.073052 0.108708
1 0.771510 0.180398 0.060877 0.071023
1 0.866071 0.289831 0.071429 0.104360
1 0.355925 0.479708 0.077110 0.139147
1 0.030844 0.401438 0.061688 0.130450
1 0.106331 0.347808 0.077922 0.110158
1 0.030032 0.301426 0.060064 0.098562
1 0.361607 0.138364 0.049513 0.068124
1 0.309659 0.105751 0.054383 0.069573
1 0.267045 0.085459 0.032468 0.055079
1 0.236607 0.096330 0.034903 0.073922
1 0.425325 0.067341 0.042208 0.059427
1 0.453734 0.336938 0.073052 0.126102
1 0.536932 0.184021 0.060877 0.104360