0 0.467617 0.593264 0.124352 0.124352
0 0.491580 0.450130 0.115285 0.094560
1 0.895078 0.704663 0.170984 0.155440
1 0.157383 0.602332 0.136010 0.137306
1 0.086788 0.399611 0.106218 0.081606
1 0.744819 0.261010 0.075130 0.063472
1 0.632124 0.270078 0.075130 0.060881
1 0.220207 0.482513 0.111399 0.091969
1 0.297280 0.358161 0.094560 0.086788
1 0.338083 0.323187 0.072539 0.073834
2 0.319948 0.858808 0.191710 0.227979
2 0.063472 0.706606 0.121762 0.148964
2 0.637953 0.773964 0.164508 0.143782
2 0.399611 0.746762 0.187824 0.148964
2 0.913860 0.851036 0.172280 0.181347
2 0.641192 0.665155 0.160622 0.123057
2 0.650259 0.557642 0.119171 0.130829
2 0.766839 0.370466 0.126943 0.145078
2 0.245466 0.413212 0.102332 0.090674
2 0.141839 0.366580 0.086788 0.064767
2 0.173575 0.345855 0.088083 0.059585
2 0.211140 0.323834 0.062176 0.056995
2 0.252591 0.290155 0.062176 0.051813
2 0.540155 0.165803 0.056995 0.059585
2 0.549223 0.128238 0.044041 0.038860
2 0.622409 0.159974 0.063472 0.055699
2 0.709197 0.148964 0.068653 0.049223
2 0.637306 0.426166 0.093264 0.075130
2 0.184585 0.518782 0.123057 0.099741
4 0.604922 0.900907 0.202073 0.180052
4 0.848446 0.598446 0.134715 0.124352
4 0.818653 0.499352 0.111399 0.097150
4 0.980570 0.436528 0.038860 0.103627
4 0.953368 0.408679 0.054404 0.073834
4 0.514896 0.340674 0.086788 0.075130
4 0.629534 0.345855 0.088083 0.064767
4 0.382124 0.249352 0.049223 0.032383
4 0.360751 0.287565 0.089378 0.051813
4 0.038212 0.452073 0.076424 0.085492
4 0.349093 0.224741 0.040155 0.045337
4 0.507124 0.286269 0.066062 0.049223
4 0.628238 0.220207 0.069948 0.033679