0 0.080582 0.832902 0.153240 0.155440
0 0.430909 0.692358 0.109837 0.120466
0 0.206363 0.652202 0.105408 0.112694
0 0.109370 0.549870 0.090350 0.094560
1 0.523030 0.744819 0.120466 0.150259
1 0.344988 0.926813 0.178928 0.143782
1 0.445967 0.389249 0.063776 0.066062
1 0.513287 0.416451 0.062005 0.081606
1 0.802052 0.376943 0.056690 0.059585
1 0.748462 0.360751 0.050490 0.073834
1 0.792308 0.305052 0.046061 0.058290
1 0.833940 0.342617 0.046061 0.053109
1 0.873800 0.287565 0.038974 0.038860
1 0.871143 0.244171 0.037203 0.029793
1 0.740933 0.289508 0.049604 0.055699
1 0.679814 0.342617 0.051375 0.066062
1 0.505758 0.362047 0.052261 0.063472
1 0.808695 0.204663 0.038089 0.046632
2 0.589021 0.854922 0.151469 0.150259
2 0.760863 0.556347 0.080606 0.133420
2 0.287412 0.575777 0.097436 0.107513
2 0.254638 0.466321 0.065548 0.075130
2 0.092540 0.627591 0.129324 0.091969
2 0.827739 0.272668 0.042518 0.050518
2 0.637739 0.263601 0.034545 0.047927
2 0.477855 0.327073 0.054918 0.055699
2 0.387506 0.381477 0.063776 0.068653
2 0.923404 0.272021 0.035431 0.051813
2 0.899488 0.228627 0.031888 0.040155
2 0.850770 0.222150 0.042518 0.040155
4 0.635082 0.596503 0.096550 0.097150
4 0.685571 0.527202 0.068205 0.077720
4 0.682471 0.442358 0.069091 0.053109
4 0.832168 0.462435 0.067319 0.069948
4 0.852541 0.403497 0.060233 0.058290
4 0.305128 0.663212 0.108065 0.113990
4 0.182447 0.562824 0.078835 0.091969
4 0.060209 0.715674 0.110723 0.136010
4 0.577949 0.545337 0.069091 0.101036
4 0.601422 0.412565 0.054033 0.071244
4 0.643940 0.376295 0.045175 0.063472
4 0.602308 0.347798 0.039860 0.050518
4 0.693986 0.270725 0.033660 0.044041
4 0.332587 0.474741 0.076177 0.102332