0 0.626623 0.349258 0.074675 0.130450
0 0.506494 0.501449 0.103896 0.168135
1 0.436688 0.888422 0.194805 0.223156
1 0.536120 0.727563 0.129058 0.188428
1 0.713474 0.689877 0.087662 0.162338
1 0.674107 0.486955 0.083604 0.124652
1 0.740666 0.368101 0.062500 0.115955
1 0.765828 0.317370 0.057630 0.089865
1 0.850649 0.317370 0.063312 0.075371
1 0.869318 0.226780 0.058442 0.056528
1 0.618912 0.217359 0.057630 0.078270
1 0.512581 0.347084 0.070617 0.100012
1 0.365260 0.681905 0.136364 0.178282
3 0.870942 0.147785 0.040584 0.055079
4 0.089286 0.924658 0.165584 0.150684
4 0.176136 0.630450 0.137987 0.237709
4 0.405438 0.442022 0.094968 0.144944
4 0.594968 0.395640 0.074675 0.118854
4 0.592938 0.647119 0.093344 0.131899
4 0.664773 0.304325 0.069805 0.072472
4 0.681818 0.248522 0.050325 0.027539
4 0.693588 0.209387 0.047890 0.053629
4 0.728490 0.216634 0.021916 0.082618
4 0.580763 0.263016 0.060877 0.091315
4 0.750812 0.142712 0.037338 0.056528
4 0.771104 0.088358 0.034091 0.043483
4 0.821023 0.097779 0.041396 0.047832
4 0.786526 0.280409 0.055195 0.085517
4 0.792208 0.215184 0.048701 0.044933
4 0.808442 0.205763 0.037338 0.057978
4 0.870536 0.289106 0.047890 0.073922