1 0.442505 0.948834 0.167658 0.102332
1 0.381059 0.846503 0.155369 0.154145
1 0.329269 0.774611 0.158880 0.160622
1 0.323564 0.682642 0.140447 0.111399
1 0.296352 0.662565 0.129913 0.128238
1 0.308641 0.622409 0.115869 0.130829
1 0.336292 0.601036 0.130791 0.119171
1 0.081732 0.504534 0.141325 0.136010
1 0.083049 0.913212 0.165025 0.163212
1 0.557495 0.679404 0.122013 0.151554
1 0.559251 0.556995 0.127280 0.116580
1 0.368770 0.546632 0.107968 0.113990
1 0.805472 0.571244 0.100068 0.098446
1 0.144494 0.470855 0.115869 0.128238
2 0.694431 0.859456 0.176436 0.247409
2 0.595240 0.753886 0.143080 0.178756
2 0.137033 0.849741 0.162392 0.235751
2 0.031698 0.214378 0.060568 0.117876
2 0.175656 0.418394 0.107968 0.119171
2 0.228762 0.319301 0.080757 0.097150
2 0.418365 0.234456 0.077246 0.101036
3 0.291963 0.192358 0.094802 0.148964
3 0.813372 0.686528 0.122891 0.183938
4 0.754121 0.488342 0.111480 0.080311
4 0.740076 0.628238 0.057057 0.147668
4 0.542573 0.447539 0.093924 0.076425
4 0.389398 0.433290 0.050912 0.104922
4 0.329269 0.437176 0.074612 0.045337
4 0.066371 0.694301 0.119380 0.088083
4 0.090071 0.642487 0.096557 0.093264
4 0.023091 0.338731 0.046181 0.115285
4 0.159417 0.236399 0.066712 0.063472
4 0.352970 0.354275 0.099191 0.089378
4 0.510534 0.319948 0.071979 0.082902
4 0.528528 0.263601 0.071101 0.086788
4 0.644397 0.230570 0.037745 0.072539
4 0.589535 0.929404 0.140447 0.141192