0 0.824675 0.594214 0.063312 0.086967
0 0.400974 0.445646 0.068182 0.068124
1 0.693994 0.740608 0.084416 0.142045
1 0.723214 0.706546 0.081169 0.137697
1 0.797078 0.679006 0.084416 0.140596
1 0.620942 0.572472 0.055195 0.075371
1 0.492289 0.592040 0.060877 0.079719
1 0.743506 0.560152 0.058442 0.094214
2 0.407873 0.885523 0.301136 0.228954
2 0.537338 0.836271 0.196429 0.246405
2 0.328328 0.623203 0.073864 0.072472
2 0.386769 0.679006 0.075487 0.097113
2 0.549919 0.363752 0.034903 0.046382
2 0.720779 0.494927 0.060065 0.076821
2 0.762987 0.495652 0.029221 0.040584
2 0.881088 0.434775 0.044643 0.066674
2 0.982549 0.483331 0.034902 0.044933
2 0.845779 0.728287 0.118506 0.178282
2 0.109578 0.632624 0.173701 0.146394
4 0.182630 0.798585 0.173701 0.249304
4 0.342532 0.735535 0.131494 0.152192
4 0.612825 0.761625 0.146104 0.233360
4 0.665584 0.628276 0.064935 0.079719
4 0.549513 0.613057 0.060065 0.115955
4 0.575487 0.547107 0.037338 0.071023
4 0.612013 0.524641 0.037338 0.063776
4 0.792208 0.536961 0.047078 0.073922
4 0.043019 0.741332 0.086038 0.120304