0 0.204545 0.452893 0.081169 0.146394
0 0.801948 0.382595 0.082792 0.107259
4 0.347403 0.619579 0.113636 0.175383
4 0.787744 0.282583 0.090097 0.118854
4 0.877841 0.234752 0.067370 0.092764
4 0.667208 0.189819 0.074675 0.101461
4 0.676948 0.030409 0.056818 0.060818
2 0.518669 0.194167 0.066558 0.110158
2 0.396104 0.197791 0.074675 0.105809
3 0.693994 0.452168 0.097403 0.156540
1 0.169237 0.771046 0.122565 0.211619
1 0.526786 0.731186 0.110390 0.198574
1 0.754058 0.596388 0.094156 0.178282
1 0.868101 0.507247 0.072240 0.150742
1 0.661932 0.278960 0.086851 0.123203
1 0.486201 0.458691 0.107143 0.157989
1 0.375406 0.297078 0.070617 0.113057
1 0.249594 0.295628 0.086851 0.124652
1 0.467532 0.049223 0.055195 0.092764
1 0.544237 0.049948 0.060877 0.085517
1 0.769886 0.040555 0.065747 0.081110
1 0.670049 0.119521 0.068994 0.088416
1 0.771916 0.171701 0.071429 0.105809
1 0.920049 0.930456 0.159902 0.139088
2 0.983360 0.793512 0.033279 0.189877