0 0.101841 0.547280 0.105408 0.094560
0 0.193962 0.643135 0.110723 0.123057
0 0.432681 0.701425 0.102751 0.123057
0 0.082354 0.842617 0.155012 0.169689
4 0.304242 0.667746 0.127553 0.130829
4 0.627995 0.602332 0.103636 0.113990
4 0.683357 0.525907 0.074406 0.098446
4 0.683357 0.436528 0.074406 0.077720
4 0.831282 0.476036 0.079720 0.091969
4 0.855198 0.404145 0.067319 0.062176
4 0.062424 0.716321 0.113380 0.150259
4 0.584592 0.850389 0.155012 0.169689
2 0.757320 0.553109 0.084149 0.121762
2 0.925175 0.273964 0.047832 0.042746
2 0.829068 0.267487 0.038089 0.042746
2 0.553590 0.378238 0.043403 0.059585
2 0.293170 0.568653 0.093007 0.093264
2 0.253753 0.457902 0.079720 0.091969
2 0.271468 0.518135 0.093893 0.098446
2 0.388391 0.386658 0.065548 0.071244
2 0.480070 0.321891 0.057576 0.058290
2 0.593007 0.269430 0.072634 0.116580
2 0.809138 0.231218 0.038974 0.040155
2 0.852541 0.222798 0.030117 0.038860
2 0.897273 0.227332 0.036317 0.042746
2 0.087669 0.623705 0.128438 0.110104
1 0.344102 0.922280 0.184243 0.155440
1 0.527016 0.739637 0.117809 0.137306
1 0.746247 0.363990 0.046061 0.069948
1 0.796294 0.381477 0.050490 0.079016
1 0.834383 0.343912 0.045175 0.055699
1 0.794522 0.316062 0.048718 0.046632
1 0.876900 0.284974 0.039860 0.051813
1 0.511515 0.410622 0.065548 0.075130
1 0.452168 0.380181 0.058462 0.086788
1 0.680257 0.351684 0.046946 0.058290
1 0.747576 0.284974 0.041632 0.051813
1 0.703287 0.231865 0.045175 0.046632
1 0.535874 0.337435 0.038089 0.050518
2 0.559790 0.464378 0.061119 0.097150
2 0.636853 0.266839 0.031002 0.049223
2 0.666084 0.302461 0.038089 0.055699
2 0.695315 0.272668 0.039860 0.042746
2 0.653240 0.224093 0.026573 0.033679
4 0.602751 0.418394 0.047832 0.069948
4 0.643054 0.378886 0.048718 0.071244
4 0.607622 0.355570 0.059347 0.050518
4 0.175804 0.568005 0.081492 0.104922
4 0.344102 0.472798 0.077949 0.103627