1 0.263398 0.743523 0.110641 0.132124
1 0.414040 0.790803 0.127663 0.164508
1 0.322548 0.567358 0.102982 0.126943
1 0.251482 0.334845 0.042554 0.058290
1 0.308080 0.367228 0.058725 0.063472
1 0.576598 0.395078 0.069789 0.075130
1 0.567236 0.327073 0.059576 0.058290
1 0.756603 0.357513 0.050214 0.064767
1 0.841286 0.791451 0.115748 0.158031
1 0.925324 0.941710 0.149352 0.116580
1 0.178289 0.648316 0.119152 0.200777
1 0.471489 0.549870 0.075747 0.117876
1 0.411487 0.309585 0.061278 0.098446
1 0.696176 0.291451 0.046810 0.067358
1 0.542129 0.214378 0.040001 0.058290
1 0.488936 0.234456 0.037448 0.038860
1 0.364252 0.213083 0.028086 0.042746
0 0.867670 0.659326 0.122557 0.150259
2 0.330208 0.889896 0.140429 0.220207
2 0.442126 0.690415 0.098726 0.126943
2 0.805540 0.455311 0.066385 0.097150
2 0.686388 0.387953 0.076598 0.143782
2 0.820009 0.400907 0.069789 0.089378
2 0.657026 0.778497 0.142132 0.233161
2 0.924267 0.581606 0.084258 0.137306
1 0.476170 0.432642 0.061278 0.088083
4 0.615748 0.629534 0.105535 0.121762
4 0.615748 0.544689 0.081704 0.086788
4 0.980219 0.722798 0.039562 0.145078
4 0.454041 0.629534 0.107237 0.113990
4 0.355315 0.461788 0.069789 0.104922
4 0.481276 0.303109 0.052767 0.075130
4 0.488936 0.352332 0.056172 0.075130
4 0.631493 0.310881 0.045108 0.056995
4 0.444254 0.242876 0.031490 0.037565
4 0.424253 0.266839 0.047661 0.067358
4 0.551916 0.303109 0.049363 0.069948