2 0.160808 0.902202 0.131884 0.187824
2 0.340101 0.825130 0.111196 0.152850
2 0.513792 0.759715 0.110334 0.174870
2 0.411215 0.566062 0.081027 0.103627
2 0.200890 0.480570 0.072407 0.069948
2 0.112106 0.415803 0.055167 0.062176
2 0.286658 0.413212 0.057753 0.075130
2 0.200890 0.332254 0.046547 0.040155
2 0.201752 0.401554 0.060339 0.080311
2 0.311656 0.279145 0.035341 0.042746
1 0.306915 0.603627 0.077579 0.103627
1 0.193563 0.564767 0.088785 0.088083
1 0.374150 0.435233 0.067235 0.095855
1 0.284934 0.491580 0.071545 0.091969
1 0.156929 0.286917 0.025860 0.042746
1 0.215975 0.300518 0.028446 0.044041
4 0.339239 0.352332 0.049133 0.059585
4 0.326740 0.311528 0.043099 0.045337
4 0.259936 0.259715 0.028446 0.032383
4 0.266832 0.309585 0.043961 0.080311
4 0.301743 0.243523 0.032756 0.033679
4 0.180203 0.647668 0.094819 0.116580