2 0.841674 0.906088 0.316652 0.187824
2 0.690174 0.482513 0.232110 0.244819
2 0.318115 0.450777 0.229185 0.274611
0 0.176703 0.701425 0.299403 0.260363
1 0.774534 0.612047 0.297452 0.322539
1 0.305437 0.319301 0.211630 0.187824
1 0.358101 0.079016 0.139461 0.155440
2 0.741863 0.792746 0.333537 0.388601
1 0.280080 0.581606 0.256492 0.300518
4 0.174753 0.865285 0.346215 0.269430
4 0.631172 0.323187 0.190174 0.205959
4 0.363465 0.230570 0.173595 0.173575
4 0.265452 0.174870 0.143362 0.165803
4 0.623370 0.201425 0.137511 0.193005
4 0.565342 0.117876 0.138486 0.178756